-27010
65701
-92841
98007
-25791
-13942
-17986
-60098
87354
-80586
-60962
82734
41211
-90756
45514
69020
-80578
-98958
91907
-48723
-28461
-38454
70124
62444
-20975
52719
-6981
1105
-72822
-52473
32592
-19362
74280
-8307
86529
-67074
97717
-86831
-22416
62205
-27513
-81139
-21859
49478
-33574
17286
44765
58803
-25645
-94398
-96519
-24112
43778
30684
-66526
25040
28677
35050
83754
41474
-97174
-6708
-6847
10821
96257
29649
-95381
-27148
-41399
67277
80621
36197
65566
-65438
-65438
53683
19644
-1217
15391
-61223
-24668
39148
-73088
-86151
52805
83491
53407
2528
-81241
-32514
13202
95673
45962
-90753
-72465
53389
-51454
34747
-89831
-66241
93980
75296
49710
-82524
-43744
25268
-84460
22632
-52464
71855
-32549
-42800
21240
44318
-48755
78977
27669
-31563
38511
77805
428
90914
55348
20439
-43689
-5009
-31880
91012
52472
30593
-4567
-56923
80804
14418
90374
71498
32382
-58992
-94386
-33663
-27235
-91225
-43503
-84614
23643
-38025
76756
-89320
-91317
-42551
-32715
59712
17204
55243
-12082
-64300
-68932
16322
-50881
12716
28647
56540
-23073
-54350
66923
11040
80739
-83083
-83775
-86910
92526
99675
-93918
14984
-67026
-80302
82585
17417
-31933
99284
43912
-82701
37158
-13723
-81639
-96264
-16473
-18619
-55564
-32430
39437
31753
-34064
86939
30830
16154
-78948
31316
737
60051
70594
22715
-92256
-40700
63083
19849
-86866
82638
-85116
-18459
-67249
-53713
84204
45706
-3712
66872
32460
-76046
-33201
-3258
-27109
-68803
-2343
-41015
36307
91714
-21093
74920
-50133
41593
-83926
-70455
-4410
12035
50105
82246
-14985
-69804
57897
-90957
-53860
77339
-19764
87757
45516
-84273
-36681
87967
73265
-33802
-86940
79876
65610
66634
-25814
-13407
-22907
3295
-19892
-61709
-84268
-4743
-94367
42349
-32151
21336
32664
42849
-56220
15131
-11369
-44911
-96763
-89826
-87523
-39044
-96890
89779
-81689
28597
-17171
40647
-82942
-87514
76090
-29005
3606
-59722
-66497
43611
-73032
39357
-9091
-58996
-4564
13335
-50964
78847
11006
59853
-74905
17162
-2661
-56800
12328
-842
-40192
96138
-2702
-33314
73315
-37837
85167
79522
16996
95181
38016
14255
38275
38593
-84900
-62956
-82117
-90645
-52749
-44579
35662
72677
97532
9787
-29529
-51830
-48980
-91512
-19927
23744
-79390
3533
70108
-65385
83419
3899
31053
5429
78571
2820
-41442
58726
27783
99477
30842
-48201
-74675
-8248
-44780
15896
77896
-8500
2102
7806
22564
16430
-94206
-45202
81015
-91265
28952
98902
-11561
2598
-87682
13219
-69982
75141
99286
37687
8421
-36291
50940
-82022
61655
56039
9138
70309
-21540
81868
-34070
37538
-64505
-50401
-72756
9064
39154
-47760
-37039
34128
91532
12869
72985
-65364
90280
50656
8731
-467
26670
81512
56009
22769
-84505
-32158
20581
19889
26096
17908
43301
23313
-68321
10393
-88176
-59422
50092
43122
-81217
22636
96161
82783
8289
16379
-89564
63173
45799
-33377
91818
27551
-13167
54435
48357
19711
-54594
91276
-8903
54079
-76027
54789
55076
-250
79738
-77166
-47642
63635
94106
65423
-22747
93070
83425
90736
-65591
39052
91018
20713
9588
64263
-29978
-48713
-75468
-1504
-75161
51782
11194
3628
-74866
-24153
-35075
34663
46414
-45083
-14839
-55732
74468
31068
-41196
-92476
-56001
-7394
-66771
-34038
89835
2351
-31287
-56841
-84081
14861
73967
32681
25625
-61070
-98932
-57231
60448
25914
-69579
44695
14514
88131
-9931
-71465
-19668
-47239
11954
-73389
98042
60676
-22992
30123
64279
48810
-99654
-42148
66686
66428
-26246
-9625
98805
91717
80218
-4412
82512
-48876
-98897
92332
59052
-49040
61472
53097
3692
-40325
55828
-5950
35084
77867
97959
-1211
-30534
-48932
76345
81055
10101
10626
95962
60501
-60470
-97076
-33023
-88495
62852
26937
-97555
-65537
-39707
-59461
88830
84050
-87283
-52502
82631
-22815
-45805
10743
-88709
-51044
-13472
-70195
81711
-38199
-67308
81417
-26958
65141
-94296
99452
74499
-92199
-3343
-81219
-68539
-7232
39659
-98218
50997
-46446
65962
-77745
-94799
89393
-86602
65730
-86251
74896
-95646
-44283
-28595
360
-24864
-43563
-97995
6576
68505
88534
-57522
27017
-36382
53944
-53861
94325
47257
-62385
96574
-48337
-18843
10678
97334
79970
42378
44267
-82892
31015
-86746
-14752
-5712
-22962
-85739
-15284
-27645
-92626
28953
2128
-12403
9440
44545
53837
12031
6359
-19235
-56172
39322
76696
-1174
77589
38635
-1743
41102
-58474
58372
-12808
8976
-48299
32480
35477
-57947
-5926
42554
-3072
-14379
76938
65022
-94813
-31671
-16338
-42178
-85418
-63221
17248
87151
30908
-50112
31816
-46831
54778
-33973
64983
-52175
7155
13110
58531
3142
84170
-69367
-66866
-75451
-9218
-39454
4838
78098
62011
47436
38699
78021
-17210
2086
-3537
66511
92057
7044
49301
99799
32490
-33447
-99151
94316
72621
-34732
91719
-47585
67269
-14161
-63492
5304
-63890
94396
-22694
-46485
63754
24484
-21703
-6368
-24347
-45307
56530
85676
-20238
83360
-71568
-57456
78282
-38171
-4379
-60590
70335
-86399
-35493
65981
-18733
92862
-6733
-43832
27608
-24078
30032
49863
-64117
-31917
-6484
-44709
56095
54503
71909
-18581
-2765
47923
-4664
58353
39129
53602
64952
-86091
65500
-96492
54570
45934
84657
86889
-43946
-9412
243
-68427
86697
36641
55941
65032
-93773
28659
16146
64718
-44564
-24180
-12742
59422
-42094
78237
14845
35911
27102
-25523
-1454
-96530
-65443
72091
-97948
2731
-48070
20633
51824
-11313
-23904
-98765
70427
-94321
68889
-61921
42921
-43636
49966
-3731
42546
14669
-37716
70717
16173
-20910
43542
51373
-43789
-58333
-39587
88422
53362
78204
-6987
86913
-42418
68263
1075
45267
93420
-84462
69375
32478
-41804
91651
33676
36795
36846
-51293
17913
57511
-70005
-32713
-61040
71229
94460
-92681
41310
59507
-80827
43113
-99284
91544
-95884
-12175
-81408
56336
-59078
66511
-38560
79177
27509
-18575
-28098
4117
50500
85291
-63841
56133
19928
-90418
-68759
-99535
48453
30750
99310
61787
83942
75436
38130
84866
72824
2587
8915
13474
-46296
-16988
-16280
34215
27784
76398
-96468
93493
-83203
58118
-81256
-28575
66356
25018
82799
74875
74690
56932
43846
-3250
63930
-44747
-27896
-40869
-25896
80568
-15760
88981
40009
72086
-83985
-93501
76134
50410
-8390
-38355
-16933
-43921
94364
-57830
-56398
-74595
44349
29673
78245
-93840
-39028
11855
-30393
47963
-34807
-94138
22361
-65372
48100
89719
-53499
-76458
26146
-78797
21622
14001
-99477
-92686
37789
52369
63170
16017
-13369
66265
22975
66157
-15617
27303
-77106
18881
-87131
-82289
80958
-66866
-87228
-50545
9897
85536
-24493
87093
-66739
-5798
58285
87506
-36475
52941
-15690
9819
-84181
-65384
6925
-67169
-13017
-95674
-6408
30208
-21361
-39193
-76969
62206
53536
-57816
-67940
-32695
-7714
